{
 "cells": [
  {
   "cell_type": "code",
   "execution_count": 20,
   "metadata": {},
   "outputs": [],
   "source": [
    "from scipy import stats\n",
    "from  scipy.stats import chi2_contingency\n",
    "import pandas as pd\n",
    "import numpy as np\n",
    "import warnings\n",
    "warnings.filterwarnings(\"ignore\")\n",
    "import math\n",
    "from scipy.stats import norm\n",
    "import matplotlib.pyplot as plt\n",
    "import matplotlib as mpl\n",
    "from scipy import stats as st"
   ]
  },
  {
   "cell_type": "markdown",
   "metadata": {},
   "source": [
    "## Problem 0"
   ]
  },
  {
   "cell_type": "markdown",
   "metadata": {},
   "source": [
    "### 1、sort_values"
   ]
  },
  {
   "cell_type": "markdown",
   "metadata": {},
   "source": [
    "#### 1.1 What's the use of sort_values？"
   ]
  },
  {
   "cell_type": "code",
   "execution_count": 21,
   "metadata": {},
   "outputs": [],
   "source": [
    "#sort_values is mainly to sort the DataFrame in ascending and descending order\n",
    "import numpy as np\n",
    "import pandas as pd\n",
    "\n",
    "#Let's create a DataFrame as df\n",
    "data = np.random.randn(10, 4)\n",
    "df = pd.DataFrame(data,columns=['a','b','c','d'])"
   ]
  },
  {
   "cell_type": "code",
   "execution_count": 22,
   "metadata": {},
   "outputs": [
    {
     "data": {
      "text/html": [
       "<div>\n",
       "<style scoped>\n",
       "    .dataframe tbody tr th:only-of-type {\n",
       "        vertical-align: middle;\n",
       "    }\n",
       "\n",
       "    .dataframe tbody tr th {\n",
       "        vertical-align: top;\n",
       "    }\n",
       "\n",
       "    .dataframe thead th {\n",
       "        text-align: right;\n",
       "    }\n",
       "</style>\n",
       "<table border=\"1\" class=\"dataframe\">\n",
       "  <thead>\n",
       "    <tr style=\"text-align: right;\">\n",
       "      <th></th>\n",
       "      <th>a</th>\n",
       "      <th>b</th>\n",
       "      <th>c</th>\n",
       "      <th>d</th>\n",
       "    </tr>\n",
       "  </thead>\n",
       "  <tbody>\n",
       "    <tr>\n",
       "      <th>0</th>\n",
       "      <td>1.278621</td>\n",
       "      <td>0.388009</td>\n",
       "      <td>0.438972</td>\n",
       "      <td>-0.856027</td>\n",
       "    </tr>\n",
       "    <tr>\n",
       "      <th>1</th>\n",
       "      <td>2.001867</td>\n",
       "      <td>-0.929370</td>\n",
       "      <td>1.285198</td>\n",
       "      <td>0.123211</td>\n",
       "    </tr>\n",
       "    <tr>\n",
       "      <th>2</th>\n",
       "      <td>1.438951</td>\n",
       "      <td>-0.557168</td>\n",
       "      <td>-0.287197</td>\n",
       "      <td>0.258446</td>\n",
       "    </tr>\n",
       "    <tr>\n",
       "      <th>3</th>\n",
       "      <td>-1.102793</td>\n",
       "      <td>-0.196462</td>\n",
       "      <td>0.199438</td>\n",
       "      <td>-0.013518</td>\n",
       "    </tr>\n",
       "    <tr>\n",
       "      <th>4</th>\n",
       "      <td>-1.483718</td>\n",
       "      <td>1.145933</td>\n",
       "      <td>-2.007807</td>\n",
       "      <td>0.219852</td>\n",
       "    </tr>\n",
       "    <tr>\n",
       "      <th>5</th>\n",
       "      <td>-0.054877</td>\n",
       "      <td>1.357679</td>\n",
       "      <td>1.069888</td>\n",
       "      <td>-1.669503</td>\n",
       "    </tr>\n",
       "    <tr>\n",
       "      <th>6</th>\n",
       "      <td>-2.419541</td>\n",
       "      <td>-0.996425</td>\n",
       "      <td>-0.737962</td>\n",
       "      <td>0.394087</td>\n",
       "    </tr>\n",
       "    <tr>\n",
       "      <th>7</th>\n",
       "      <td>-0.860540</td>\n",
       "      <td>0.351206</td>\n",
       "      <td>-0.303228</td>\n",
       "      <td>0.751099</td>\n",
       "    </tr>\n",
       "    <tr>\n",
       "      <th>8</th>\n",
       "      <td>-0.413413</td>\n",
       "      <td>-0.969538</td>\n",
       "      <td>0.010998</td>\n",
       "      <td>-0.955627</td>\n",
       "    </tr>\n",
       "    <tr>\n",
       "      <th>9</th>\n",
       "      <td>-1.049130</td>\n",
       "      <td>-0.389759</td>\n",
       "      <td>-0.272337</td>\n",
       "      <td>0.762582</td>\n",
       "    </tr>\n",
       "  </tbody>\n",
       "</table>\n",
       "</div>"
      ],
      "text/plain": [
       "          a         b         c         d\n",
       "0  1.278621  0.388009  0.438972 -0.856027\n",
       "1  2.001867 -0.929370  1.285198  0.123211\n",
       "2  1.438951 -0.557168 -0.287197  0.258446\n",
       "3 -1.102793 -0.196462  0.199438 -0.013518\n",
       "4 -1.483718  1.145933 -2.007807  0.219852\n",
       "5 -0.054877  1.357679  1.069888 -1.669503\n",
       "6 -2.419541 -0.996425 -0.737962  0.394087\n",
       "7 -0.860540  0.351206 -0.303228  0.751099\n",
       "8 -0.413413 -0.969538  0.010998 -0.955627\n",
       "9 -1.049130 -0.389759 -0.272337  0.762582"
      ]
     },
     "execution_count": 22,
     "metadata": {},
     "output_type": "execute_result"
    }
   ],
   "source": [
    "#view df \n",
    "df"
   ]
  },
  {
   "cell_type": "code",
   "execution_count": 23,
   "metadata": {},
   "outputs": [
    {
     "data": {
      "text/html": [
       "<div>\n",
       "<style scoped>\n",
       "    .dataframe tbody tr th:only-of-type {\n",
       "        vertical-align: middle;\n",
       "    }\n",
       "\n",
       "    .dataframe tbody tr th {\n",
       "        vertical-align: top;\n",
       "    }\n",
       "\n",
       "    .dataframe thead th {\n",
       "        text-align: right;\n",
       "    }\n",
       "</style>\n",
       "<table border=\"1\" class=\"dataframe\">\n",
       "  <thead>\n",
       "    <tr style=\"text-align: right;\">\n",
       "      <th></th>\n",
       "      <th>a</th>\n",
       "      <th>b</th>\n",
       "      <th>c</th>\n",
       "      <th>d</th>\n",
       "    </tr>\n",
       "  </thead>\n",
       "  <tbody>\n",
       "    <tr>\n",
       "      <th>6</th>\n",
       "      <td>-2.419541</td>\n",
       "      <td>-0.996425</td>\n",
       "      <td>-0.737962</td>\n",
       "      <td>0.394087</td>\n",
       "    </tr>\n",
       "    <tr>\n",
       "      <th>4</th>\n",
       "      <td>-1.483718</td>\n",
       "      <td>1.145933</td>\n",
       "      <td>-2.007807</td>\n",
       "      <td>0.219852</td>\n",
       "    </tr>\n",
       "    <tr>\n",
       "      <th>3</th>\n",
       "      <td>-1.102793</td>\n",
       "      <td>-0.196462</td>\n",
       "      <td>0.199438</td>\n",
       "      <td>-0.013518</td>\n",
       "    </tr>\n",
       "    <tr>\n",
       "      <th>9</th>\n",
       "      <td>-1.049130</td>\n",
       "      <td>-0.389759</td>\n",
       "      <td>-0.272337</td>\n",
       "      <td>0.762582</td>\n",
       "    </tr>\n",
       "    <tr>\n",
       "      <th>7</th>\n",
       "      <td>-0.860540</td>\n",
       "      <td>0.351206</td>\n",
       "      <td>-0.303228</td>\n",
       "      <td>0.751099</td>\n",
       "    </tr>\n",
       "    <tr>\n",
       "      <th>8</th>\n",
       "      <td>-0.413413</td>\n",
       "      <td>-0.969538</td>\n",
       "      <td>0.010998</td>\n",
       "      <td>-0.955627</td>\n",
       "    </tr>\n",
       "    <tr>\n",
       "      <th>5</th>\n",
       "      <td>-0.054877</td>\n",
       "      <td>1.357679</td>\n",
       "      <td>1.069888</td>\n",
       "      <td>-1.669503</td>\n",
       "    </tr>\n",
       "    <tr>\n",
       "      <th>0</th>\n",
       "      <td>1.278621</td>\n",
       "      <td>0.388009</td>\n",
       "      <td>0.438972</td>\n",
       "      <td>-0.856027</td>\n",
       "    </tr>\n",
       "    <tr>\n",
       "      <th>2</th>\n",
       "      <td>1.438951</td>\n",
       "      <td>-0.557168</td>\n",
       "      <td>-0.287197</td>\n",
       "      <td>0.258446</td>\n",
       "    </tr>\n",
       "    <tr>\n",
       "      <th>1</th>\n",
       "      <td>2.001867</td>\n",
       "      <td>-0.929370</td>\n",
       "      <td>1.285198</td>\n",
       "      <td>0.123211</td>\n",
       "    </tr>\n",
       "  </tbody>\n",
       "</table>\n",
       "</div>"
      ],
      "text/plain": [
       "          a         b         c         d\n",
       "6 -2.419541 -0.996425 -0.737962  0.394087\n",
       "4 -1.483718  1.145933 -2.007807  0.219852\n",
       "3 -1.102793 -0.196462  0.199438 -0.013518\n",
       "9 -1.049130 -0.389759 -0.272337  0.762582\n",
       "7 -0.860540  0.351206 -0.303228  0.751099\n",
       "8 -0.413413 -0.969538  0.010998 -0.955627\n",
       "5 -0.054877  1.357679  1.069888 -1.669503\n",
       "0  1.278621  0.388009  0.438972 -0.856027\n",
       "2  1.438951 -0.557168 -0.287197  0.258446\n",
       "1  2.001867 -0.929370  1.285198  0.123211"
      ]
     },
     "execution_count": 23,
     "metadata": {},
     "output_type": "execute_result"
    }
   ],
   "source": [
    "#Sort column a of df in ascending order\n",
    "df.sort_values(by='a')"
   ]
  },
  {
   "cell_type": "code",
   "execution_count": 24,
   "metadata": {},
   "outputs": [
    {
     "data": {
      "text/html": [
       "<div>\n",
       "<style scoped>\n",
       "    .dataframe tbody tr th:only-of-type {\n",
       "        vertical-align: middle;\n",
       "    }\n",
       "\n",
       "    .dataframe tbody tr th {\n",
       "        vertical-align: top;\n",
       "    }\n",
       "\n",
       "    .dataframe thead th {\n",
       "        text-align: right;\n",
       "    }\n",
       "</style>\n",
       "<table border=\"1\" class=\"dataframe\">\n",
       "  <thead>\n",
       "    <tr style=\"text-align: right;\">\n",
       "      <th></th>\n",
       "      <th>a</th>\n",
       "      <th>b</th>\n",
       "      <th>c</th>\n",
       "      <th>d</th>\n",
       "    </tr>\n",
       "  </thead>\n",
       "  <tbody>\n",
       "    <tr>\n",
       "      <th>1</th>\n",
       "      <td>2.001867</td>\n",
       "      <td>-0.929370</td>\n",
       "      <td>1.285198</td>\n",
       "      <td>0.123211</td>\n",
       "    </tr>\n",
       "    <tr>\n",
       "      <th>2</th>\n",
       "      <td>1.438951</td>\n",
       "      <td>-0.557168</td>\n",
       "      <td>-0.287197</td>\n",
       "      <td>0.258446</td>\n",
       "    </tr>\n",
       "    <tr>\n",
       "      <th>0</th>\n",
       "      <td>1.278621</td>\n",
       "      <td>0.388009</td>\n",
       "      <td>0.438972</td>\n",
       "      <td>-0.856027</td>\n",
       "    </tr>\n",
       "    <tr>\n",
       "      <th>5</th>\n",
       "      <td>-0.054877</td>\n",
       "      <td>1.357679</td>\n",
       "      <td>1.069888</td>\n",
       "      <td>-1.669503</td>\n",
       "    </tr>\n",
       "    <tr>\n",
       "      <th>8</th>\n",
       "      <td>-0.413413</td>\n",
       "      <td>-0.969538</td>\n",
       "      <td>0.010998</td>\n",
       "      <td>-0.955627</td>\n",
       "    </tr>\n",
       "    <tr>\n",
       "      <th>7</th>\n",
       "      <td>-0.860540</td>\n",
       "      <td>0.351206</td>\n",
       "      <td>-0.303228</td>\n",
       "      <td>0.751099</td>\n",
       "    </tr>\n",
       "    <tr>\n",
       "      <th>9</th>\n",
       "      <td>-1.049130</td>\n",
       "      <td>-0.389759</td>\n",
       "      <td>-0.272337</td>\n",
       "      <td>0.762582</td>\n",
       "    </tr>\n",
       "    <tr>\n",
       "      <th>3</th>\n",
       "      <td>-1.102793</td>\n",
       "      <td>-0.196462</td>\n",
       "      <td>0.199438</td>\n",
       "      <td>-0.013518</td>\n",
       "    </tr>\n",
       "    <tr>\n",
       "      <th>4</th>\n",
       "      <td>-1.483718</td>\n",
       "      <td>1.145933</td>\n",
       "      <td>-2.007807</td>\n",
       "      <td>0.219852</td>\n",
       "    </tr>\n",
       "    <tr>\n",
       "      <th>6</th>\n",
       "      <td>-2.419541</td>\n",
       "      <td>-0.996425</td>\n",
       "      <td>-0.737962</td>\n",
       "      <td>0.394087</td>\n",
       "    </tr>\n",
       "  </tbody>\n",
       "</table>\n",
       "</div>"
      ],
      "text/plain": [
       "          a         b         c         d\n",
       "1  2.001867 -0.929370  1.285198  0.123211\n",
       "2  1.438951 -0.557168 -0.287197  0.258446\n",
       "0  1.278621  0.388009  0.438972 -0.856027\n",
       "5 -0.054877  1.357679  1.069888 -1.669503\n",
       "8 -0.413413 -0.969538  0.010998 -0.955627\n",
       "7 -0.860540  0.351206 -0.303228  0.751099\n",
       "9 -1.049130 -0.389759 -0.272337  0.762582\n",
       "3 -1.102793 -0.196462  0.199438 -0.013518\n",
       "4 -1.483718  1.145933 -2.007807  0.219852\n",
       "6 -2.419541 -0.996425 -0.737962  0.394087"
      ]
     },
     "execution_count": 24,
     "metadata": {},
     "output_type": "execute_result"
    }
   ],
   "source": [
    "#Sort column a of df in descending order\n",
    "df.sort_values(by='a',ascending=False)"
   ]
  },
  {
   "cell_type": "markdown",
   "metadata": {},
   "source": [
    "#### 1.2 use sort_values to Sort in ascending order"
   ]
  },
  {
   "cell_type": "code",
   "execution_count": 25,
   "metadata": {},
   "outputs": [
    {
     "data": {
      "text/html": [
       "<div>\n",
       "<style scoped>\n",
       "    .dataframe tbody tr th:only-of-type {\n",
       "        vertical-align: middle;\n",
       "    }\n",
       "\n",
       "    .dataframe tbody tr th {\n",
       "        vertical-align: top;\n",
       "    }\n",
       "\n",
       "    .dataframe thead th {\n",
       "        text-align: right;\n",
       "    }\n",
       "</style>\n",
       "<table border=\"1\" class=\"dataframe\">\n",
       "  <thead>\n",
       "    <tr style=\"text-align: right;\">\n",
       "      <th></th>\n",
       "      <th>a</th>\n",
       "      <th>b</th>\n",
       "      <th>c</th>\n",
       "      <th>d</th>\n",
       "    </tr>\n",
       "  </thead>\n",
       "  <tbody>\n",
       "    <tr>\n",
       "      <th>6</th>\n",
       "      <td>-2.419541</td>\n",
       "      <td>-0.996425</td>\n",
       "      <td>-0.737962</td>\n",
       "      <td>0.394087</td>\n",
       "    </tr>\n",
       "    <tr>\n",
       "      <th>4</th>\n",
       "      <td>-1.483718</td>\n",
       "      <td>1.145933</td>\n",
       "      <td>-2.007807</td>\n",
       "      <td>0.219852</td>\n",
       "    </tr>\n",
       "    <tr>\n",
       "      <th>3</th>\n",
       "      <td>-1.102793</td>\n",
       "      <td>-0.196462</td>\n",
       "      <td>0.199438</td>\n",
       "      <td>-0.013518</td>\n",
       "    </tr>\n",
       "    <tr>\n",
       "      <th>9</th>\n",
       "      <td>-1.049130</td>\n",
       "      <td>-0.389759</td>\n",
       "      <td>-0.272337</td>\n",
       "      <td>0.762582</td>\n",
       "    </tr>\n",
       "    <tr>\n",
       "      <th>7</th>\n",
       "      <td>-0.860540</td>\n",
       "      <td>0.351206</td>\n",
       "      <td>-0.303228</td>\n",
       "      <td>0.751099</td>\n",
       "    </tr>\n",
       "    <tr>\n",
       "      <th>8</th>\n",
       "      <td>-0.413413</td>\n",
       "      <td>-0.969538</td>\n",
       "      <td>0.010998</td>\n",
       "      <td>-0.955627</td>\n",
       "    </tr>\n",
       "    <tr>\n",
       "      <th>5</th>\n",
       "      <td>-0.054877</td>\n",
       "      <td>1.357679</td>\n",
       "      <td>1.069888</td>\n",
       "      <td>-1.669503</td>\n",
       "    </tr>\n",
       "    <tr>\n",
       "      <th>0</th>\n",
       "      <td>1.278621</td>\n",
       "      <td>0.388009</td>\n",
       "      <td>0.438972</td>\n",
       "      <td>-0.856027</td>\n",
       "    </tr>\n",
       "    <tr>\n",
       "      <th>2</th>\n",
       "      <td>1.438951</td>\n",
       "      <td>-0.557168</td>\n",
       "      <td>-0.287197</td>\n",
       "      <td>0.258446</td>\n",
       "    </tr>\n",
       "    <tr>\n",
       "      <th>1</th>\n",
       "      <td>2.001867</td>\n",
       "      <td>-0.929370</td>\n",
       "      <td>1.285198</td>\n",
       "      <td>0.123211</td>\n",
       "    </tr>\n",
       "  </tbody>\n",
       "</table>\n",
       "</div>"
      ],
      "text/plain": [
       "          a         b         c         d\n",
       "6 -2.419541 -0.996425 -0.737962  0.394087\n",
       "4 -1.483718  1.145933 -2.007807  0.219852\n",
       "3 -1.102793 -0.196462  0.199438 -0.013518\n",
       "9 -1.049130 -0.389759 -0.272337  0.762582\n",
       "7 -0.860540  0.351206 -0.303228  0.751099\n",
       "8 -0.413413 -0.969538  0.010998 -0.955627\n",
       "5 -0.054877  1.357679  1.069888 -1.669503\n",
       "0  1.278621  0.388009  0.438972 -0.856027\n",
       "2  1.438951 -0.557168 -0.287197  0.258446\n",
       "1  2.001867 -0.929370  1.285198  0.123211"
      ]
     },
     "execution_count": 25,
     "metadata": {},
     "output_type": "execute_result"
    }
   ],
   "source": [
    "#first,you should determine which column to sort by,second,call sort_values method\n",
    "#chose a column ,here\n",
    "df.sort_values(by='a')"
   ]
  },
  {
   "cell_type": "code",
   "execution_count": 26,
   "metadata": {},
   "outputs": [
    {
     "data": {
      "text/html": [
       "<div>\n",
       "<style scoped>\n",
       "    .dataframe tbody tr th:only-of-type {\n",
       "        vertical-align: middle;\n",
       "    }\n",
       "\n",
       "    .dataframe tbody tr th {\n",
       "        vertical-align: top;\n",
       "    }\n",
       "\n",
       "    .dataframe thead th {\n",
       "        text-align: right;\n",
       "    }\n",
       "</style>\n",
       "<table border=\"1\" class=\"dataframe\">\n",
       "  <thead>\n",
       "    <tr style=\"text-align: right;\">\n",
       "      <th></th>\n",
       "      <th>a</th>\n",
       "      <th>b</th>\n",
       "      <th>c</th>\n",
       "      <th>d</th>\n",
       "    </tr>\n",
       "  </thead>\n",
       "  <tbody>\n",
       "    <tr>\n",
       "      <th>6</th>\n",
       "      <td>-2.419541</td>\n",
       "      <td>-0.996425</td>\n",
       "      <td>-0.737962</td>\n",
       "      <td>0.394087</td>\n",
       "    </tr>\n",
       "    <tr>\n",
       "      <th>8</th>\n",
       "      <td>-0.413413</td>\n",
       "      <td>-0.969538</td>\n",
       "      <td>0.010998</td>\n",
       "      <td>-0.955627</td>\n",
       "    </tr>\n",
       "    <tr>\n",
       "      <th>1</th>\n",
       "      <td>2.001867</td>\n",
       "      <td>-0.929370</td>\n",
       "      <td>1.285198</td>\n",
       "      <td>0.123211</td>\n",
       "    </tr>\n",
       "    <tr>\n",
       "      <th>2</th>\n",
       "      <td>1.438951</td>\n",
       "      <td>-0.557168</td>\n",
       "      <td>-0.287197</td>\n",
       "      <td>0.258446</td>\n",
       "    </tr>\n",
       "    <tr>\n",
       "      <th>9</th>\n",
       "      <td>-1.049130</td>\n",
       "      <td>-0.389759</td>\n",
       "      <td>-0.272337</td>\n",
       "      <td>0.762582</td>\n",
       "    </tr>\n",
       "    <tr>\n",
       "      <th>3</th>\n",
       "      <td>-1.102793</td>\n",
       "      <td>-0.196462</td>\n",
       "      <td>0.199438</td>\n",
       "      <td>-0.013518</td>\n",
       "    </tr>\n",
       "    <tr>\n",
       "      <th>7</th>\n",
       "      <td>-0.860540</td>\n",
       "      <td>0.351206</td>\n",
       "      <td>-0.303228</td>\n",
       "      <td>0.751099</td>\n",
       "    </tr>\n",
       "    <tr>\n",
       "      <th>0</th>\n",
       "      <td>1.278621</td>\n",
       "      <td>0.388009</td>\n",
       "      <td>0.438972</td>\n",
       "      <td>-0.856027</td>\n",
       "    </tr>\n",
       "    <tr>\n",
       "      <th>4</th>\n",
       "      <td>-1.483718</td>\n",
       "      <td>1.145933</td>\n",
       "      <td>-2.007807</td>\n",
       "      <td>0.219852</td>\n",
       "    </tr>\n",
       "    <tr>\n",
       "      <th>5</th>\n",
       "      <td>-0.054877</td>\n",
       "      <td>1.357679</td>\n",
       "      <td>1.069888</td>\n",
       "      <td>-1.669503</td>\n",
       "    </tr>\n",
       "  </tbody>\n",
       "</table>\n",
       "</div>"
      ],
      "text/plain": [
       "          a         b         c         d\n",
       "6 -2.419541 -0.996425 -0.737962  0.394087\n",
       "8 -0.413413 -0.969538  0.010998 -0.955627\n",
       "1  2.001867 -0.929370  1.285198  0.123211\n",
       "2  1.438951 -0.557168 -0.287197  0.258446\n",
       "9 -1.049130 -0.389759 -0.272337  0.762582\n",
       "3 -1.102793 -0.196462  0.199438 -0.013518\n",
       "7 -0.860540  0.351206 -0.303228  0.751099\n",
       "0  1.278621  0.388009  0.438972 -0.856027\n",
       "4 -1.483718  1.145933 -2.007807  0.219852\n",
       "5 -0.054877  1.357679  1.069888 -1.669503"
      ]
     },
     "execution_count": 26,
     "metadata": {},
     "output_type": "execute_result"
    }
   ],
   "source": [
    "#or chose b column \n",
    "df.sort_values(by='b')"
   ]
  },
  {
   "cell_type": "code",
   "execution_count": null,
   "metadata": {},
   "outputs": [],
   "source": []
  },
  {
   "cell_type": "markdown",
   "metadata": {},
   "source": [
    "#### 1.3 use sort_values to Sort in descending order"
   ]
  },
  {
   "cell_type": "code",
   "execution_count": 27,
   "metadata": {},
   "outputs": [
    {
     "data": {
      "text/html": [
       "<div>\n",
       "<style scoped>\n",
       "    .dataframe tbody tr th:only-of-type {\n",
       "        vertical-align: middle;\n",
       "    }\n",
       "\n",
       "    .dataframe tbody tr th {\n",
       "        vertical-align: top;\n",
       "    }\n",
       "\n",
       "    .dataframe thead th {\n",
       "        text-align: right;\n",
       "    }\n",
       "</style>\n",
       "<table border=\"1\" class=\"dataframe\">\n",
       "  <thead>\n",
       "    <tr style=\"text-align: right;\">\n",
       "      <th></th>\n",
       "      <th>a</th>\n",
       "      <th>b</th>\n",
       "      <th>c</th>\n",
       "      <th>d</th>\n",
       "    </tr>\n",
       "  </thead>\n",
       "  <tbody>\n",
       "    <tr>\n",
       "      <th>1</th>\n",
       "      <td>2.001867</td>\n",
       "      <td>-0.929370</td>\n",
       "      <td>1.285198</td>\n",
       "      <td>0.123211</td>\n",
       "    </tr>\n",
       "    <tr>\n",
       "      <th>2</th>\n",
       "      <td>1.438951</td>\n",
       "      <td>-0.557168</td>\n",
       "      <td>-0.287197</td>\n",
       "      <td>0.258446</td>\n",
       "    </tr>\n",
       "    <tr>\n",
       "      <th>0</th>\n",
       "      <td>1.278621</td>\n",
       "      <td>0.388009</td>\n",
       "      <td>0.438972</td>\n",
       "      <td>-0.856027</td>\n",
       "    </tr>\n",
       "    <tr>\n",
       "      <th>5</th>\n",
       "      <td>-0.054877</td>\n",
       "      <td>1.357679</td>\n",
       "      <td>1.069888</td>\n",
       "      <td>-1.669503</td>\n",
       "    </tr>\n",
       "    <tr>\n",
       "      <th>8</th>\n",
       "      <td>-0.413413</td>\n",
       "      <td>-0.969538</td>\n",
       "      <td>0.010998</td>\n",
       "      <td>-0.955627</td>\n",
       "    </tr>\n",
       "    <tr>\n",
       "      <th>7</th>\n",
       "      <td>-0.860540</td>\n",
       "      <td>0.351206</td>\n",
       "      <td>-0.303228</td>\n",
       "      <td>0.751099</td>\n",
       "    </tr>\n",
       "    <tr>\n",
       "      <th>9</th>\n",
       "      <td>-1.049130</td>\n",
       "      <td>-0.389759</td>\n",
       "      <td>-0.272337</td>\n",
       "      <td>0.762582</td>\n",
       "    </tr>\n",
       "    <tr>\n",
       "      <th>3</th>\n",
       "      <td>-1.102793</td>\n",
       "      <td>-0.196462</td>\n",
       "      <td>0.199438</td>\n",
       "      <td>-0.013518</td>\n",
       "    </tr>\n",
       "    <tr>\n",
       "      <th>4</th>\n",
       "      <td>-1.483718</td>\n",
       "      <td>1.145933</td>\n",
       "      <td>-2.007807</td>\n",
       "      <td>0.219852</td>\n",
       "    </tr>\n",
       "    <tr>\n",
       "      <th>6</th>\n",
       "      <td>-2.419541</td>\n",
       "      <td>-0.996425</td>\n",
       "      <td>-0.737962</td>\n",
       "      <td>0.394087</td>\n",
       "    </tr>\n",
       "  </tbody>\n",
       "</table>\n",
       "</div>"
      ],
      "text/plain": [
       "          a         b         c         d\n",
       "1  2.001867 -0.929370  1.285198  0.123211\n",
       "2  1.438951 -0.557168 -0.287197  0.258446\n",
       "0  1.278621  0.388009  0.438972 -0.856027\n",
       "5 -0.054877  1.357679  1.069888 -1.669503\n",
       "8 -0.413413 -0.969538  0.010998 -0.955627\n",
       "7 -0.860540  0.351206 -0.303228  0.751099\n",
       "9 -1.049130 -0.389759 -0.272337  0.762582\n",
       "3 -1.102793 -0.196462  0.199438 -0.013518\n",
       "4 -1.483718  1.145933 -2.007807  0.219852\n",
       "6 -2.419541 -0.996425 -0.737962  0.394087"
      ]
     },
     "execution_count": 27,
     "metadata": {},
     "output_type": "execute_result"
    }
   ],
   "source": [
    "#Descending order is to add a parameter as 'ascending=False' on the basis of ascending order\n",
    "#for example,chose a column\n",
    "df.sort_values(by='a',ascending=False)"
   ]
  },
  {
   "cell_type": "code",
   "execution_count": 28,
   "metadata": {},
   "outputs": [
    {
     "data": {
      "text/html": [
       "<div>\n",
       "<style scoped>\n",
       "    .dataframe tbody tr th:only-of-type {\n",
       "        vertical-align: middle;\n",
       "    }\n",
       "\n",
       "    .dataframe tbody tr th {\n",
       "        vertical-align: top;\n",
       "    }\n",
       "\n",
       "    .dataframe thead th {\n",
       "        text-align: right;\n",
       "    }\n",
       "</style>\n",
       "<table border=\"1\" class=\"dataframe\">\n",
       "  <thead>\n",
       "    <tr style=\"text-align: right;\">\n",
       "      <th></th>\n",
       "      <th>a</th>\n",
       "      <th>b</th>\n",
       "      <th>c</th>\n",
       "      <th>d</th>\n",
       "    </tr>\n",
       "  </thead>\n",
       "  <tbody>\n",
       "    <tr>\n",
       "      <th>5</th>\n",
       "      <td>-0.054877</td>\n",
       "      <td>1.357679</td>\n",
       "      <td>1.069888</td>\n",
       "      <td>-1.669503</td>\n",
       "    </tr>\n",
       "    <tr>\n",
       "      <th>4</th>\n",
       "      <td>-1.483718</td>\n",
       "      <td>1.145933</td>\n",
       "      <td>-2.007807</td>\n",
       "      <td>0.219852</td>\n",
       "    </tr>\n",
       "    <tr>\n",
       "      <th>0</th>\n",
       "      <td>1.278621</td>\n",
       "      <td>0.388009</td>\n",
       "      <td>0.438972</td>\n",
       "      <td>-0.856027</td>\n",
       "    </tr>\n",
       "    <tr>\n",
       "      <th>7</th>\n",
       "      <td>-0.860540</td>\n",
       "      <td>0.351206</td>\n",
       "      <td>-0.303228</td>\n",
       "      <td>0.751099</td>\n",
       "    </tr>\n",
       "    <tr>\n",
       "      <th>3</th>\n",
       "      <td>-1.102793</td>\n",
       "      <td>-0.196462</td>\n",
       "      <td>0.199438</td>\n",
       "      <td>-0.013518</td>\n",
       "    </tr>\n",
       "    <tr>\n",
       "      <th>9</th>\n",
       "      <td>-1.049130</td>\n",
       "      <td>-0.389759</td>\n",
       "      <td>-0.272337</td>\n",
       "      <td>0.762582</td>\n",
       "    </tr>\n",
       "    <tr>\n",
       "      <th>2</th>\n",
       "      <td>1.438951</td>\n",
       "      <td>-0.557168</td>\n",
       "      <td>-0.287197</td>\n",
       "      <td>0.258446</td>\n",
       "    </tr>\n",
       "    <tr>\n",
       "      <th>1</th>\n",
       "      <td>2.001867</td>\n",
       "      <td>-0.929370</td>\n",
       "      <td>1.285198</td>\n",
       "      <td>0.123211</td>\n",
       "    </tr>\n",
       "    <tr>\n",
       "      <th>8</th>\n",
       "      <td>-0.413413</td>\n",
       "      <td>-0.969538</td>\n",
       "      <td>0.010998</td>\n",
       "      <td>-0.955627</td>\n",
       "    </tr>\n",
       "    <tr>\n",
       "      <th>6</th>\n",
       "      <td>-2.419541</td>\n",
       "      <td>-0.996425</td>\n",
       "      <td>-0.737962</td>\n",
       "      <td>0.394087</td>\n",
       "    </tr>\n",
       "  </tbody>\n",
       "</table>\n",
       "</div>"
      ],
      "text/plain": [
       "          a         b         c         d\n",
       "5 -0.054877  1.357679  1.069888 -1.669503\n",
       "4 -1.483718  1.145933 -2.007807  0.219852\n",
       "0  1.278621  0.388009  0.438972 -0.856027\n",
       "7 -0.860540  0.351206 -0.303228  0.751099\n",
       "3 -1.102793 -0.196462  0.199438 -0.013518\n",
       "9 -1.049130 -0.389759 -0.272337  0.762582\n",
       "2  1.438951 -0.557168 -0.287197  0.258446\n",
       "1  2.001867 -0.929370  1.285198  0.123211\n",
       "8 -0.413413 -0.969538  0.010998 -0.955627\n",
       "6 -2.419541 -0.996425 -0.737962  0.394087"
      ]
     },
     "execution_count": 28,
     "metadata": {},
     "output_type": "execute_result"
    }
   ],
   "source": [
    "#or chose b\n",
    "df.sort_values(by='b',ascending=False)"
   ]
  },
  {
   "cell_type": "code",
   "execution_count": 29,
   "metadata": {},
   "outputs": [
    {
     "data": {
      "text/html": [
       "<div>\n",
       "<style scoped>\n",
       "    .dataframe tbody tr th:only-of-type {\n",
       "        vertical-align: middle;\n",
       "    }\n",
       "\n",
       "    .dataframe tbody tr th {\n",
       "        vertical-align: top;\n",
       "    }\n",
       "\n",
       "    .dataframe thead th {\n",
       "        text-align: right;\n",
       "    }\n",
       "</style>\n",
       "<table border=\"1\" class=\"dataframe\">\n",
       "  <thead>\n",
       "    <tr style=\"text-align: right;\">\n",
       "      <th></th>\n",
       "      <th>a</th>\n",
       "      <th>b</th>\n",
       "      <th>c</th>\n",
       "      <th>d</th>\n",
       "    </tr>\n",
       "  </thead>\n",
       "  <tbody>\n",
       "    <tr>\n",
       "      <th>6</th>\n",
       "      <td>-2.419541</td>\n",
       "      <td>-0.996425</td>\n",
       "      <td>-0.737962</td>\n",
       "      <td>0.394087</td>\n",
       "    </tr>\n",
       "    <tr>\n",
       "      <th>4</th>\n",
       "      <td>-1.483718</td>\n",
       "      <td>1.145933</td>\n",
       "      <td>-2.007807</td>\n",
       "      <td>0.219852</td>\n",
       "    </tr>\n",
       "    <tr>\n",
       "      <th>3</th>\n",
       "      <td>-1.102793</td>\n",
       "      <td>-0.196462</td>\n",
       "      <td>0.199438</td>\n",
       "      <td>-0.013518</td>\n",
       "    </tr>\n",
       "    <tr>\n",
       "      <th>9</th>\n",
       "      <td>-1.049130</td>\n",
       "      <td>-0.389759</td>\n",
       "      <td>-0.272337</td>\n",
       "      <td>0.762582</td>\n",
       "    </tr>\n",
       "    <tr>\n",
       "      <th>7</th>\n",
       "      <td>-0.860540</td>\n",
       "      <td>0.351206</td>\n",
       "      <td>-0.303228</td>\n",
       "      <td>0.751099</td>\n",
       "    </tr>\n",
       "    <tr>\n",
       "      <th>8</th>\n",
       "      <td>-0.413413</td>\n",
       "      <td>-0.969538</td>\n",
       "      <td>0.010998</td>\n",
       "      <td>-0.955627</td>\n",
       "    </tr>\n",
       "    <tr>\n",
       "      <th>5</th>\n",
       "      <td>-0.054877</td>\n",
       "      <td>1.357679</td>\n",
       "      <td>1.069888</td>\n",
       "      <td>-1.669503</td>\n",
       "    </tr>\n",
       "    <tr>\n",
       "      <th>0</th>\n",
       "      <td>1.278621</td>\n",
       "      <td>0.388009</td>\n",
       "      <td>0.438972</td>\n",
       "      <td>-0.856027</td>\n",
       "    </tr>\n",
       "    <tr>\n",
       "      <th>2</th>\n",
       "      <td>1.438951</td>\n",
       "      <td>-0.557168</td>\n",
       "      <td>-0.287197</td>\n",
       "      <td>0.258446</td>\n",
       "    </tr>\n",
       "    <tr>\n",
       "      <th>1</th>\n",
       "      <td>2.001867</td>\n",
       "      <td>-0.929370</td>\n",
       "      <td>1.285198</td>\n",
       "      <td>0.123211</td>\n",
       "    </tr>\n",
       "  </tbody>\n",
       "</table>\n",
       "</div>"
      ],
      "text/plain": [
       "          a         b         c         d\n",
       "6 -2.419541 -0.996425 -0.737962  0.394087\n",
       "4 -1.483718  1.145933 -2.007807  0.219852\n",
       "3 -1.102793 -0.196462  0.199438 -0.013518\n",
       "9 -1.049130 -0.389759 -0.272337  0.762582\n",
       "7 -0.860540  0.351206 -0.303228  0.751099\n",
       "8 -0.413413 -0.969538  0.010998 -0.955627\n",
       "5 -0.054877  1.357679  1.069888 -1.669503\n",
       "0  1.278621  0.388009  0.438972 -0.856027\n",
       "2  1.438951 -0.557168 -0.287197  0.258446\n",
       "1  2.001867 -0.929370  1.285198  0.123211"
      ]
     },
     "execution_count": 29,
     "metadata": {},
     "output_type": "execute_result"
    }
   ],
   "source": [
    "#In fact,'ascending=True'  means ascending,and 'ascending=False'  means descending\n",
    "#'ascending=True'\n",
    "df.sort_values(by='a',ascending=True)"
   ]
  },
  {
   "cell_type": "code",
   "execution_count": 30,
   "metadata": {},
   "outputs": [
    {
     "data": {
      "text/html": [
       "<div>\n",
       "<style scoped>\n",
       "    .dataframe tbody tr th:only-of-type {\n",
       "        vertical-align: middle;\n",
       "    }\n",
       "\n",
       "    .dataframe tbody tr th {\n",
       "        vertical-align: top;\n",
       "    }\n",
       "\n",
       "    .dataframe thead th {\n",
       "        text-align: right;\n",
       "    }\n",
       "</style>\n",
       "<table border=\"1\" class=\"dataframe\">\n",
       "  <thead>\n",
       "    <tr style=\"text-align: right;\">\n",
       "      <th></th>\n",
       "      <th>a</th>\n",
       "      <th>b</th>\n",
       "      <th>c</th>\n",
       "      <th>d</th>\n",
       "    </tr>\n",
       "  </thead>\n",
       "  <tbody>\n",
       "    <tr>\n",
       "      <th>1</th>\n",
       "      <td>2.001867</td>\n",
       "      <td>-0.929370</td>\n",
       "      <td>1.285198</td>\n",
       "      <td>0.123211</td>\n",
       "    </tr>\n",
       "    <tr>\n",
       "      <th>2</th>\n",
       "      <td>1.438951</td>\n",
       "      <td>-0.557168</td>\n",
       "      <td>-0.287197</td>\n",
       "      <td>0.258446</td>\n",
       "    </tr>\n",
       "    <tr>\n",
       "      <th>0</th>\n",
       "      <td>1.278621</td>\n",
       "      <td>0.388009</td>\n",
       "      <td>0.438972</td>\n",
       "      <td>-0.856027</td>\n",
       "    </tr>\n",
       "    <tr>\n",
       "      <th>5</th>\n",
       "      <td>-0.054877</td>\n",
       "      <td>1.357679</td>\n",
       "      <td>1.069888</td>\n",
       "      <td>-1.669503</td>\n",
       "    </tr>\n",
       "    <tr>\n",
       "      <th>8</th>\n",
       "      <td>-0.413413</td>\n",
       "      <td>-0.969538</td>\n",
       "      <td>0.010998</td>\n",
       "      <td>-0.955627</td>\n",
       "    </tr>\n",
       "    <tr>\n",
       "      <th>7</th>\n",
       "      <td>-0.860540</td>\n",
       "      <td>0.351206</td>\n",
       "      <td>-0.303228</td>\n",
       "      <td>0.751099</td>\n",
       "    </tr>\n",
       "    <tr>\n",
       "      <th>9</th>\n",
       "      <td>-1.049130</td>\n",
       "      <td>-0.389759</td>\n",
       "      <td>-0.272337</td>\n",
       "      <td>0.762582</td>\n",
       "    </tr>\n",
       "    <tr>\n",
       "      <th>3</th>\n",
       "      <td>-1.102793</td>\n",
       "      <td>-0.196462</td>\n",
       "      <td>0.199438</td>\n",
       "      <td>-0.013518</td>\n",
       "    </tr>\n",
       "    <tr>\n",
       "      <th>4</th>\n",
       "      <td>-1.483718</td>\n",
       "      <td>1.145933</td>\n",
       "      <td>-2.007807</td>\n",
       "      <td>0.219852</td>\n",
       "    </tr>\n",
       "    <tr>\n",
       "      <th>6</th>\n",
       "      <td>-2.419541</td>\n",
       "      <td>-0.996425</td>\n",
       "      <td>-0.737962</td>\n",
       "      <td>0.394087</td>\n",
       "    </tr>\n",
       "  </tbody>\n",
       "</table>\n",
       "</div>"
      ],
      "text/plain": [
       "          a         b         c         d\n",
       "1  2.001867 -0.929370  1.285198  0.123211\n",
       "2  1.438951 -0.557168 -0.287197  0.258446\n",
       "0  1.278621  0.388009  0.438972 -0.856027\n",
       "5 -0.054877  1.357679  1.069888 -1.669503\n",
       "8 -0.413413 -0.969538  0.010998 -0.955627\n",
       "7 -0.860540  0.351206 -0.303228  0.751099\n",
       "9 -1.049130 -0.389759 -0.272337  0.762582\n",
       "3 -1.102793 -0.196462  0.199438 -0.013518\n",
       "4 -1.483718  1.145933 -2.007807  0.219852\n",
       "6 -2.419541 -0.996425 -0.737962  0.394087"
      ]
     },
     "execution_count": 30,
     "metadata": {},
     "output_type": "execute_result"
    }
   ],
   "source": [
    "#'ascending=False'\n",
    "df.sort_values(by='a',ascending=False)"
   ]
  },
  {
   "cell_type": "code",
   "execution_count": null,
   "metadata": {},
   "outputs": [],
   "source": []
  },
  {
   "cell_type": "markdown",
   "metadata": {},
   "source": [
    "#### 1.4 multi-column sorting"
   ]
  },
  {
   "cell_type": "code",
   "execution_count": 31,
   "metadata": {},
   "outputs": [],
   "source": [
    "#If you want to sort by multiple columns, put all the columns to be arranged into a list, \n",
    "#and then assign values to the 'by=' parameter\n",
    "#for example,wo chose a,b,c columns to sort"
   ]
  },
  {
   "cell_type": "code",
   "execution_count": 32,
   "metadata": {},
   "outputs": [
    {
     "data": {
      "text/html": [
       "<div>\n",
       "<style scoped>\n",
       "    .dataframe tbody tr th:only-of-type {\n",
       "        vertical-align: middle;\n",
       "    }\n",
       "\n",
       "    .dataframe tbody tr th {\n",
       "        vertical-align: top;\n",
       "    }\n",
       "\n",
       "    .dataframe thead th {\n",
       "        text-align: right;\n",
       "    }\n",
       "</style>\n",
       "<table border=\"1\" class=\"dataframe\">\n",
       "  <thead>\n",
       "    <tr style=\"text-align: right;\">\n",
       "      <th></th>\n",
       "      <th>a</th>\n",
       "      <th>b</th>\n",
       "      <th>c</th>\n",
       "      <th>d</th>\n",
       "    </tr>\n",
       "  </thead>\n",
       "  <tbody>\n",
       "    <tr>\n",
       "      <th>6</th>\n",
       "      <td>-2.419541</td>\n",
       "      <td>-0.996425</td>\n",
       "      <td>-0.737962</td>\n",
       "      <td>0.394087</td>\n",
       "    </tr>\n",
       "    <tr>\n",
       "      <th>4</th>\n",
       "      <td>-1.483718</td>\n",
       "      <td>1.145933</td>\n",
       "      <td>-2.007807</td>\n",
       "      <td>0.219852</td>\n",
       "    </tr>\n",
       "    <tr>\n",
       "      <th>3</th>\n",
       "      <td>-1.102793</td>\n",
       "      <td>-0.196462</td>\n",
       "      <td>0.199438</td>\n",
       "      <td>-0.013518</td>\n",
       "    </tr>\n",
       "    <tr>\n",
       "      <th>9</th>\n",
       "      <td>-1.049130</td>\n",
       "      <td>-0.389759</td>\n",
       "      <td>-0.272337</td>\n",
       "      <td>0.762582</td>\n",
       "    </tr>\n",
       "    <tr>\n",
       "      <th>7</th>\n",
       "      <td>-0.860540</td>\n",
       "      <td>0.351206</td>\n",
       "      <td>-0.303228</td>\n",
       "      <td>0.751099</td>\n",
       "    </tr>\n",
       "    <tr>\n",
       "      <th>8</th>\n",
       "      <td>-0.413413</td>\n",
